5120
4097
6202
8943
123
807
121
4557
8431
8066
866
1773
9302
4506
3842
3835
9438
3925
1628
42
7657
4319
2498
1124
5411
9216
2116
58
6091
5394
9153
8580
3086
4026
7
3443
6951
7481
6835
9871
380
8772
9722
7742
5301
182
2769
100
3664
3518
1554
6673
2902
6626
9437
8185
6212
1483
612
1744
697
8921
2074
7327
325
1889
7392
7802
3967
8256
609
9272
3500
2560
4460
1560
1722
8665
1730
2184
830
9919
1449
9832
6674
2123
7811
5136
2138
8397
967
5433
5424
7211
413
8618
2935
1272
6672
6279
3951
2460
1124
812
3826
7071
3598
2524
5136
366
6885
2806
7041
8246
7141
5432
9953
6331
9543
6965
531
9479
3106
2500
6522
9999
9251
4598
9817
3783
2464
4523
4092
3830
9723
7155
6694
212
1234
4436
3092
1999
4696
1433
895
5734
9075
2330
2191
3736
8042
1536
9462
1158
4627
640
158
7593
2177
5396
306
279
4795
4457
5333
4971
4762
3890
5041
5012
9816
257
6301
5029
3870
394
6352
5602
2640
5791
7228
2819
9743
745
2308
3016
4255
1875
1120
2464
5890
5401
6354
2793
9835
7680
5158
3207
225
3528
3165
1379
3300
5425
7934
1491
1328
9870
8392
1789
1609
5186
7675
4566
9633
6853
9791
9433
4104
7348
8096
3254
7808
6113
5027
8793
6561
1284
4158
500
9273
7252
8863
8601
6057
7899
3651
9210
3028
1784
4946
6573
8307
7562
9104
5281
8910
2798
789
7837
2126
6755
3375
3360
8364
4074
4424
5003
6101
7081
1312
2924
2904
8874
9362
2005
7011
3245
2094
7366
6551
997
2096
2165
9344
5521
9207
4288
9680
1419
5342
316
6219
9003
4350
5006
436
5618
7913
4749
2258
1268
3413
7693
6853
7057
1627
4405
6921
1239
9752
808
4339
476
2282
8371
9502
7373
3356
79
328
3589
3512
127
9996
3262
2963
3741
4427
5158
5294
6598
5062
6305
7101
6323
4509
5870
4279
9277
9186
8699
8423
8966
4917
431
2813
2883
7892
1391
2744
4598
5453
3893
704
7945
7779
3729
4460
6867
980
6222
6377
9682
8871
2273
9469
2629
1975
4096
7632
6316
3413
1127
5943
174
5939
2313
9981
5169
745
536
8860
858
2324
6879
8372
4279
5286
817
8212
9568
6201
5642
4673
7828
1349
4813
296
5035
6345
961
6959
8803
8283
1819
3404
9392
6677
2626
140
6988
9415
9810
4953
5162
9975
3211
378
82
9754
9147
4625
5631
4704
9691
7505
7890
815
6599
3334
3032
9851
5827
2517
3171
1770
8935
5245
3725
6926
1718
4720
2724
9134
4310
9181
9996
2827
1112
20
4670
7014
6155
2071
7373
7235
287
4851
4800
2350
2552
5388
5730
2972
905
616
7349
6169
7885
1995
1488
5625
3765
3996
9487
1298
1163
2913
7551
8952
2888
5858
3196
8934
4017
8011
6433
8375
4758
103
5022
858
2348
7998
90
2577
4871
6780
738
6155
3907
3661
6801
4220
6909
1604
1329
8069
2902
3961
6774
4819
7649
4640
5437
3589
6730
5774
4175
5195
250
7828
570
5621
5341
328
5628
7920
3609
4099
9935
7859
2503
1223
4483
5435
6265
994
1980
3097
5927
3443
6206
3592
9925
9149
8610
6701
1936
7645
4241
7073
8357
8983
6830
9861
5818
7039
9708
3067
4441
9976
3747
9036
8193
7457
9547
6672
19
7802
8191
9194
8925
4435
6765
1503
2012
613
4541
9149
9801
440
2798
4782
4920
6244
7948
6252
9134
1469
738
4302
6266
1909
6775
3398
2317
7295
9116
4073
8116
2188
2316
437
3852
6795
438
5598
7724
8205
1519
4510
3659
1409
9812
893
9971
5060
5092
1404
831
5941
4169
4241
831
9195
8424
2406
3952
1523
8586
4043
4523
5043
3768
1147
5381
1236
8156
382
4931
6194
7069
8055
9784
2200
7485
791
7300
8921
666
9577
4076
5257
6024
1149
7830
9439
7712
6556
6144
885
5106
6083
4940
8440
7698
1396
4397
5049
6582
1704
6611
7877
2471
3928
734
3005
2976
1071
8043
3464
1295
5629
9843
3638
2008
7778
2640
2891
3573
9477
6766
4741
1359
3680
8015
4905
5186
242
3443
1581
2574
1167
1499
1889
5726
4249
4932
1762
3809
1313
6704
8246
1628
1227
1311
5958
4077
9788
5233
9981
3495
7777
1740
8098
3045
1024
76
1323
7163
6312
2211
5415
5630
7811
8482
9037
1554
7049
4451
2386
8205
3114
43
3224
9065
1795
2118
4
939
4770
941
297
5930
4080
8704
1748
6230
7078
1703
7635
9963
6501
6719
6872
1683
3412
161
7524
5265
8324
243
4080
7621
7513
6352
2041
2581
917
1835
2829
7556
4675
3701
3857
2538
4707
664
6028
8344
2827
7019
2710
2818
9846
832
4334
1550
8046
4657
6800
3417
1693
3078
6601
2650
2702
8441
1130
8210
3566
1523
9340
423
2670
7399
9322
5035
6006
9544
2169
675
4088
7770
2616
6111
9133
6934
4560
4657
6759
6541
5364
5158
4900
2883
8417
8196
2750
5491
5784
2895
9053
4880
89
1195
7597
9783
4200
9822
7313
3637
597
8371
315
4419
4570
4474
3098
4095
4721
9144
4856
8660
4413
4994
9357
2552
7918
2285
7308
1665
3081
8124
5514
6129
7916
1841
6949
3626
4973
6575
142
312
7866
3264
6839
8973
2838
3847
5339
3553
1544
9720
2273
3314
2091
4617
8264
2693
8836
9334
6228
898
2612
5211
7505
4711
7631
5552
1555
869
3013
8806
2951
6037
3724
2354
1675
1029
9120
7737
8959
5674
4698
2268
4711
2562
2341
5204
2349
5454
204
1728
8881
5269
9630
869
441
9777
6602
3047
9230
8793
1881
8981
107
2443
8634
7069
4436
8240
4252
2294
7928
5934
6263
7867
8501
971
5244
7332
1832
7397
1076
304
5835
5958
3716
8122
5015
846
4220
884
7784
9073
6480
9612
1998
629
2876
2178
9094
9635
8776
2598
9473
2598
8824
320
8070
4674
146
4470
9189
6782
6178
4057
8568
4926
7012
8581
3375
8760
4338
3447
3253
3890
