8691
9662
1751
6909
9366
8748
8420
9182
9697
2488
1957
3052
7667
8084
7629
2694
7072
6329
7756
7432
4400
7793
5659
4047
5668
7804
7376
2058
8234
119
8177
3422
1411
7300
9445
3106
4198
9076
8698
2213
4428
1263
9852
2994
8686
7506
6473
788
4993
2754
1842
2449
5672
378
8317
3013
4502
7689
7585
5030
3799
6469
3834
6714
652
4517
1582
3691
8897
4410
6365
5901
2711
2273
2820
6526
4665
1852
4653
5619
7779
588
4738
1804
6298
8239
5276
2860
7337
8659
6255
5430
376
6341
7904
3030
3291
1156
7764
2029
7786
723
4955
8398
6610
5071
5343
5432
8752
8567
6506
9165
1357
5458
2171
8267
6829
5564
8762
5923
5954
2974
818
2034
4563
3360
6825
4657
6548
9820
653
9726
5084
3515
5
2009
5227
5753
9444
5931
326
4269
3526
7667
7945
6967
6537
4444
2297
9712
3370
9631
6977
7843
1138
9145
7814
2438
2604
1935
7964
2758
3580
8122
5095
2655
5302
5698
3578
9962
9606
9239
3358
5008
7389
6412
1699
4020
4347
441
4098
3812
6215
9673
752
8646
6730
7722
2788
1289
1768
2776
367
5096
9098
496
5652
7773
6796
7114
8218
4480
7446
8603
3092
140
1130
6350
8559
2128
1450
2754
9786
1626
8796
3684
7458
2556
4083
2388
3662
4757
5719
2255
6861
3424
5804
618
8323
4470
1601
619
5689
4644
7400
6353
8479
3600
5098
9079
1668
5119
2505
659
2514
342
1149
9332
3661
1583
1723
841
5608
6957
5657
2663
5984
6694
2994
3322
742
9991
7308
419
7362
2903
4110
6492
7634
6947
9771
4889
7228
5081
2798
5464
5838
3115
7465
1119
6097
8765
4903
6706
368
5883
1184
2370
7630
8306
2917
9698
4534
6119
2476
6959
6566
3000
2886
8482
5147
3861
4575
2759
231
8498
9198
1834
9625
550
8521
6849
1339
9716
7321
5491
1197
2988
5565
8486
1716
692
6190
1501
9142
7475
7922
1736
6382
5359
8312
7638
4705
4790
3039
2010
3858
156
5354
9462
978
4328
2974
7327
225
3896
2766
7988
467
7997
7298
7038
3982
1876
2233
8887
615
8922
3827
1141
4038
2148
2740
8021
8649
7369
111
1849
7507
8002
6905
677
9306
4202
9887
3522
8471
9032
2043
5266
1776
2825
5614
1414
2108
3223
8628
1003
3207
6820
6946
3334
6725
1631
5576
6844
6021
1169
8248
6804
564
7323
6896
2596
5492
7147
6200
8250
6384
2428
4429
7979
3582
1960
1655
9319
9236
6342
6601
7580
4959
1512
430
4518
4573
3126
8507
7090
7532
9661
1513
6344
1593
758
5304
4574
2179
7613
7530
3357
7536
375
3515
2886
6552
7109
6943
9801
2083
855
7839
1509
8
9331
6601
1876
1015
9715
83
7753
6685
8057
3509
958
4620
9937
4353
4489
1917
7720
8744
253
3546
4269
7544
7188
5943
4064
9186
9694
5548
1746
7639
2985
3368
2510
9570
1376
2477
3056
3717
4828
9034
6706
1594
9596
4373
3780
8974
3801
229
3579
2987
9145
8263
383
1478
5762
3589
3411
6767
5245
7209
1228
2910
3682
3521
8611
684
9297
6723
3927
8801
7031
7949
9074
8116
3277
5647
5392
121
2798
9614
6683
4813
6375
5969
355
4505
9729
1370
6144
2420
9408
1689
8135
8355
7398
9375
346
1728
251
6125
3460
4300
1206
3025
824
480
8066
6752
1554
4431
7097
8256
7717
6912
2461
8691
3752
1273
715
2115
822
4970
8225
2966
4369
7908
322
2274
4079
7737
1354
5252
2754
2875
887
603
9942
9140
9982
9038
1950
6124
763
9268
9020
6639
977
7491
9958
3150
8486
6732
9081
8616
9044
9547
7752
7390
1458
5580
6061
1028
5453
5361
6296
2688
6324
2197
1787
4627
8595
911
9072
6495
5724
1801
4376
4230
8473
4646
8446
4075
2505
9786
9362
3521
7804
305
8549
4751
4288
1195
548
4919
3329
3228
8693
4128
2965
2388
930
7419
1118
9789
6352
6028
2924
4616
5604
4689
8779
141
699
4786
6615
8252
6756
4713
5112
5184
1995
1274
9151
8994
2984
5455
9137
3201
8652
8716
8722
3834
6399
709
2104
8404
7798
7965
8456
3336
6277
9471
3959
5057
564
405
1345
617
2923
8994
7519
9178
3802
2958
6282
4047
3708
694
9528
5865
3048
3080
9058
8732
8023
6683
8442
8286
2056
6480
8572
684
6707
7275
1375
699
4587
8173
6400
841
8496
3452
309
2413
7362
1820
1237
5188
7822
3381
598
2407
6502
2085
1842
9317
410
3398
5084
795
6860
8058
3808
1895
746
3656
7401
3651
7602
9660
8993
3454
822
81
5191
2143
9645
9682
8306
6140
1572
5029
1250
6208
4091
4258
2627
5934
5432
6834
3246
7465
7248
224
2030
64
9935
8664
6509
1845
2695
475
9458
1516
1529
6675
6455
8738
5185
8850
396
7143
7223
2407
9144
1493
8351
2234
9795
9949
4268
8751
9837
7289
3296
652
3622
4182
7668
1664
9093
4747
9125
8402
2736
1141
6296
4750
8343
1521
387
5935
6636
9142
1443
4844
3658
2777
4449
393
2004
6332
9040
633
2230
4245
7232
9061
4276
9543
3735
2281
7957
7723
1503
8468
9986
7697
5716
722
4228
9222
5850
4531
7661
9374
9836
9137
6239
3934
3439
7772
2032
4297
7533
8145
3569
2061
553
6624
5177
2045
3590
3132
976
7454
458
4262
4803
7755
4601
249
3958
822
8442
5074
5108
9906
6681
825
1285
222
8937
5202
5096
6760
4383
5991
3081
1214
763
101
6363
2834
3563
7932
3237
3187
3486
5830
5354
2203
1009
7588
3808
8211
9669
7816
6820
7381
9939
2872
1780
5517
7130
5789
5868
2774
2035
3210
7460
2996
7304
9841
9359
9264
924
6623
3100
1828
6601
8423
6108
565
8413
6204
5252
4342
3004
2559
3040
1802
1639
3619
6094
428
1469
1442
3732
6273
6526
4848
6225
8566
8027
1426
4411
7547
9068
350
1737
1140
2254
7960
4335
7272
8272
9624
7154
8822
7866
6297
8035
1549
1304
5061
666
2460
6105
2624
7510
2091
184
4296
1772
5048
3880
396
5322
1968
1215
6713
5192
2267
1079
602
7856
8106
9904
1382
2753
6830
5931
1469
4668
1057
1663
4950
5490
2376
5025
9763
2624
3062
4343
9827
2200
74
2996
2680
7796
7564
1877
1981
68
7782
7072
9581
8557
5132
9874
1121
2592
8048
2650
1201
436
3895
7649
3666
96
2570
7856
500
9130
2733
7869
6779
6531
5517
7610
6106
3736
7644
417
4276
7504
8790
8344
2973
1181
3791
5796
8258
3764
4822
5313
1537
6278
9411
8983
6321
4946
1197
5600
2252
4346
8250
3725
87
7915
8970
2833
1129
6553
4650
843
8076
1503
8103
3560
1482
6515
3008
5372
1946
880
5960
2877
7846
9716
4174
4859
3810
3833
4197
9059
2064
3493
2005
7908
6772
6749
5765
9925
1617
2255
3390
4474
968
6996
7805
274
262
2174
2074
6959
2444
1429
5419
8977
5191
9873
1996
420
9378
7208
5465
8766
5290
1302
8716
4228
2249
911
557
6216
1598
9154
5444
3638
9625
8082
5452
582
6094
5609
4122
7901
877
3070
2962
184
6798
2802
3283
6494
1958
9072
9790
393
7110
583
6125
1312
8203
1531
6295
6366
9306
5270
8575
6195
1442
6510
9971
2158
821
4518
5614
6424
1285
2439
3042
9852
5130
8777
4469
2350
8085
4074
9561
8286
8234
4106
4089
9526
7375
939
3214
2152
7779
7748
148
6091
6432
4945
6808
4860
8631
3256
3181
9211
8474
495
2559
1392
8373
8097
5364
8980
5706
9096
9331
4277
8576
6551
5330
9343
4323
715
8205
8456
3185
4176
726
8003
5058
3925
9761
2053
9302
7360
2694
3520
8112
7476
6233
8376
1998
5314
1916
1666
9320
9170
3758
1035
4512
8692
610
183
3267
1056
7051
7595
6890
7882
6878
2283
2937
7478
4314
3784
9166
8523
629
2135
5631
7964
6705
9733
6379
25
3495
656
6506
8675
4138
546
5038
8819
56
9265
1663
3831
7473
9188
1267
1329
418
4178
9030
3043
2854
4193
9616
6932
6359
6548
9231
6986
2435
1038
7305
4910
9641
5984
3962
5600
7455
7827
1076
1175
5974
1349
8915
9335
7736
4731
1502
4009
4964
7704
3387
8218
8736
5896
2622
7840
4582
703
6411
9265
8858
1859
7416
2234
4863
9609
8927
7204
3351
46
3233
9962
6652
2037
9526
197
8697
100
8269
933
7868
5676
1105
9244
6186
3196
9191
2200
4939
8454
5127
2236
4730
911
1312
8674
8176
3128
7955
5937
9900
1169
3696
6041
3555
6490
1143
3505
684
8856
9543
4538
533
9470
8635
5692
6773
2657
423
6425
4919
5628
9248
3494
46
3757
4028
1316
4731
5452
8227
9991
1258
1594
2348
5527
2554
6888
2702
2263
3110
3252
4541
2302
5664
4754
556
6279
5075
4996
8272
4752
8745
1968
3440
2763
7520
5884
8465
7154
440
5309
6438
1110
4951
166
3245
8062
1858
3886
5002
5760
4811
1312
7416
1235
3316
7717
8443
3645
4661
253
529
7775
5120
4206
5600
6086
6050
3354
6276
5748
5295
1816
4091
7582
4949
2204
4576
8648
1617
5877
6397
1629
6062
7641
7574
1746
491
2662
7339
8834
3868
3173
187
2177
9405
1689
3499
5856
7986
7894
5036
9971
3343
1515
5026
2205
1182
8300
3847
8333
9478
1043
1628
9607
1005
6684
3603
5421
187
1969
6457
1859
351
6222
4076
5496
8138
1028
822
6199
7442
3771
816
3743
8916
7044
3504
8044
6586
6005
4242
2988
9909
1428
8264
6348
1129
2164
1277
9085
2937
2149
2310
3609
2003
3493
6287
6077
8865
9411
3567
473
4530
8207
5527
7151
123
4607
3803
5764
5393
9799
9165
7660
4669
9617
7761
1264
6252
2505
4514
1790
7779
6402
1906
6631
6550
4460
6804
5129
4051
8920
9570
4864
5691
380
7657
3127
3215
4245
2634
4181
5978
4489
6145
2169
1236
6599
7426
4374
8489
8361
3146
6248
5364
5791
4116
5620
158
1599
9247
9375
4256
507
6387
2001
4186
6496
584
6475
8882
6472
6310
6704
7153
8070
8723
4386
9642
8747
1200
9497
278
7174
8227
4639
1353
380
2367
2941
3173
9910
489
856
8440
1142
6235
5619
3983
1759
5344
8022
5446
3833
7252
1746
434
4761
1327
781
7783
7141
6304
3808
4644
4144
6277
3698
6875
4727
6668
4986
4768
4634
1971
1418
4850
1459
6623
3053
2648
7378
7055
6922
7293
3986
829
2784
7021
3048
1316
9486
8068
3965
1384
7131
2825
7168
246
892
7138
7576
2399
7712
466
3765
8107
2689
2280
8444
6844
8150
3500
3834
9245
4292
7375
5923
6929
998
4842
2419
2648
6687
5151
9565
1898
9633
4573
5445
926
6435
2199
308
536
1029
7431
8779
5723
7050
6489
1343
5418
5271
676
1530
4372
4989
6545
3352
4492
2884
5253
3172
6133
8322
3532
8484
9925
5086
1068
766
8231
7048
8274
6201
5445
5962
3503
6498
3492
3304
3820
9812
1133
7433
239
8528
1060
5153
2530
6116
770
5856
1683
683
6038
8336
1981
7496
710
6247
9603
2298
7585
4204
4503
323
6224
1819
5770
6959
5334
2302
8138
1190
7049
7956
8966
6287
4186
8330
2763
8813
338
9247
5962
8716
830
5657
191
143
5934
3734
762
2744
2448
2461
8847
2622
32
2883
4612
4963
1471
1203
4188
7436
926
9491
4630
1741
1690
3894
8166
5746
5092
1393
8366
8308
8328
4909
516
3262
5182
4489
9193
3567
7264
8320
9441
6618
9075
2071
5645
4364
3570
3468
6667
6561
9436
2793
8925
7970
6160
7877
6533
7826
1218
7441
5850
3916
4025
2613
8180
8617
3270
3551
6953
5752
8297
7230
527
5513
1662
2285
644
9961
9591
8025
6861
8759
8033
6134
8805
5665
4136
8366
5868
5248
3774
1426
2115
6440
1380
8145
4233
6620
7173
3096
6401
47
3557
2921
7074
7473
2489
6015
1047
5614
1610
1258
9184
8625
3101
9602
3322
9571
181
7813
2398
4269
9715
7217
3549
8916
6891
7845
2345
2047
5760
8144
7793
8151
6105
9952
1870
3720
5960
1120
3013
8688
6233
3061
5973
8148
5429
6263
7598
1651
7536
7369
9592
7115
7253
6562
8899
7568
532
8550
3439
1537
6683
7319
7001
559
9113
4999
187
4019
1736
2983
3424
58
2575
1104
8152
5143
9722
1787
9226
4437
2762
9542
308
3415
2272
2101
9354
8698
6822
8999
9812
3026
884
4019
1233
4773
5544
5337
9078
2086
7064
756
1886
1854
3923
3457
2947
649
3461
2875
2973
8920
4115
201
6875
5721
5680
7087
5498
682
6212
6391
6245
4993
933
8256
6931
8938
2916
7934
1144
9307
9223
579
3553
5951
5742
5473
8952
5316
7296
7036
4012
7791
9880
3309
1241
7978
6539
3633
1552
2198
4157
7318
5795
3193
9473
1231
8267
4441
250
7008
3438
7541
3980
1183
1905
1326
2711
5770
310
4121
2897
2798
5588
4149
3110
8591
6474
2041
1838
4444
6867
1487
9163
7617
2208
7999
2910
1411
150
8829
3754
8902
4272
6105
933
3030
9542
2379
2624
8981
6486
234
3595
2900
6262
4790
7037
5354
6726
3263
6470
6333
2713
8004
4486
4292
5650
1439
6304
752
2786
3836
4436
173
1939
8123
1694
5894
6958
9499
210
6844
3313
2778
8412
8700
7773
8883
2490
2539
5146
9100
6098
1748
9013
8139
3904
6845
5681
6356
8565
2442
7227
7637
4190
4339
9758
2601
8854
1314
4297
5989
2374
7531
6376
2040
9545
761
5538
4497
2035
8995
9669
3858
5366
8534
5666
3400
9256
9821
963
4855
8708
9919
1778
7956
6730
5104
9015
8406
2167
9368
7873
3527
2701
7681
7574
370
2970
7678
3416
1329
5063
7432
7609
897
5523
6327
3785
5594
8423
8773
9866
5593
4486
2927
9582
8324
4343
6463
8457
5028
7437
2402
9753
3122
2066
4485
8005
5309
6785
7388
772
8253
9111
9572
8675
9901
2613
2070
8748
2428
9674
5621
1596
9232
6738
2405
2702
8687
2916
7442
6735
5487
4598
5524
4402
6608
9404
3950
7119
1825
7540
308
1233
8353
4952
5708
9282
3245
3581
3837
3014
9300
8593
3214
3872
9470
1131
2803
6727
6516
8098
68
624
9870
8200
9411
8812
8232
9839
3374
9019
3335
1407
8587
144
2728
73
5118
5569
9648
2411
917
3734
4772
6644
958
3177
2011
6767
2732
4414
8379
9045
5836
1796
1115
3539
6077
8682
5729
6101
1446
8828
738
2345
127
6173
8328
6943
7520
648
4669
4888
4734
9378
6669
6162
2564
826
9467
6007
8391
9252
7392
452
5282
4644
4998
9967
2234
6239
4430
9128
7305
2169
5019
9588
7538
8415
9605
5110
8823
6410
3440
5480
8037
8976
9290
9345
5502
3813
2563
6461
4673
3966
8427
9557
3629
9461
8990
5018
5411
7882
7396
9047
1675
2288
9327
6167
818
6738
5020
6196
4442
5885
5923
5889
8909
1182
148
8360
2507
6000
5624
261
993
481
1886
6067
248
2813
6938
2013
8204
779
5348
3804
2769
5155
3712
8284
6064
6318
608
4415
1236
2740
4221
2237
9133
2488
1639
9854
5155
4618
899
2861
8388
1413
8564
345
6742
8907
2140
7106
9571
282
593
4945
5044
74
6800
3921
9582
2034
141
24
5445
5731
295
9876
2335
834
6623
5243
2060
7512
2939
5134
6198
5249
7369
5595
5981
847
8418
8473
9811
7108
6565
5634
2755
6319
5398
2010
7030
5623
7998
2648
6652
1043
5116
1334
2274
5202
3975
1810
6849
8890
732
8154
5073
2448
5844
2385
3389
5603
4727
7375
2185
1419
3483
7785
9625
5720
9425
4469
7621
5331
8689
6287
1750
2461
168
7562
2037
2562
1974
4878
7273
4713
8840
3932
4434
4740
4294
4640
9190
9958
381
7537
9514
1101
305
9845
3803
1943
5449
5729
6167
8358
7172
6053
4897
6999
4168
3444
5466
6404
9309
6936
2656
9387
6107
4811
4523
6649
4618
7301
8771
3669
2215
2694
7526
4244
7335
7370
1516
4467
332
5406
3636
2145
6069
4808
4976
8614
8261
8144
6359
8300
8236
8131
3256
2785
6079
4727
6946
470
2977
4198
19
1993
3580
2201
2039
5801
220
8237
9866
2245
9267
7496
6841
2708
9674
7443
8968
6720
54
1847
6757
9249
1348
554
7428
776
7030
9053
5670
9771
7197
8074
3083
4760
4312
761
1974
2434
4809
6361
2309
8075
9752
4044
2484
8906
7456
4169
1736
4223
9305
7765
9041
803
2351
8698
9880
6148
1669
808
118
3101
4146
9052
9468
9675
2852
6496
5502
4225
9606
492
8675
2131
8825
3456
1352
451
9459
3427
7393
5048
577
9223
9814
6656
7521
250
284
9375
8497
4961
7478
3220
5118
5825
3830
4832
2496
8312
4654
1660
4006
7833
6735
384
7404
1864
5180
2176
4487
6990
8591
9667
3813
1092
8040
405
7092
7295
9108
5852
6809
8491
1305
6287
2781
5663
7209
2984
8216
2677
2189
6742
9733
6994
4199
8406
4638
6920
2089
4932
5744
7558
1016
5572
9263
9935
5166
9961
7814
4314
9352
2995
8560
3042
2342
6865
1634
1555
2734
2941
2119
4198
1139
5174
3031
1514
8055
1720
6386
3551
9533
964
4079
652
1571
6696
7872
9711
8673
9202
7041
5345
3
9761
6979
6861
2151
7740
1510
984
7937
3669
3215
1322
6902
3920
5448
5510
2988
1101
260
9537
9195
738
5462
6763
2884
7553
1264
3698
71
7129
1927
7176
4768
589
9627
1134
793
584
7846
8288
5857
8078
3821
8056
9997
9061
7374
4232
3208
9220
9787
6367
7850
6467
7475
933
3472
3784
8132
4503
9021
974
4999
6219
1267
2145
271
5689
4330
6349
2747
6712
971
5018
1998
3670
8799
1845
6016
7917
3637
8127
8526
3667
7585
8003
5095
1961
8094
6722
7125
728
5967
6024
7771
747
3911
6490
4436
6898
3384
7269
7676
6102
9208
4862
2058
5810
9567
552
8150
5306
1676
5666
3459
2130
5650
9268
6583
8161
6882
4066
5963
4774
7040
9412
6521
1262
9018
9748
5927
4230
5669
1728
6645
2573
1620
829
6842
6951
5638
7418
883
5612
6474
964
7344
6831
8394
2463
2053
9718
6050
385
2990
7938
6774
5375
3615
8711
8240
9627
4221
3677
7648
9666
227
5374
8216
9716
8318
3007
1858
1960
712
274
1680
9465
1094
2249
3742
3001
375
53
3162
5354
3656
5478
713
5445
8958
7698
4374
1291
9884
9
2666
3769
2324
3406
4863
6548
6721
1024
5599
2444
409
3689
4667
3371
3810
9055
2881
2503
5656
2556
927
8523
4705
3923
6733
7321
841
6579
5629
1038
6669
458
5795
3484
5267
3354
120
1319
6052
9708
9453
7532
4387
8170
5368
119
154
567
8188
3935
4761
7752
2726
1570
1034
5876
4071
628
4810
1809
8245
2063
628
8229
747
9465
7121
1375
4168
8046
4992
4663
5539
57
2165
3860
9
9572
144
8710
2970
20
6344
6222
2882
7392
4994
9425
1853
5866
9940
4410
9995
5525
3245
2429
3360
2903
3769
3345
3292
2614
9308
5026
4070
9638
4469
883
6491
3761
3623
6776
5219
3066
6011
9871
2834
8512
2495
5181
3049
7419
5847
201
467
4921
5788
3353
8297
3596
4476
4160
4826
1258
6337
9822
4736
5029
6701
9326
4785
3065
9192
8138
5098
7667
8592
2111
1220
9052
3078
6804
9016
9203
9500
3163
405
8851
7470
4008
1562
6187
2240
8314
3167
4948
7398
4068
906
2965
731
4595
694
7165
9815
6661
8688
5879
7373
3551
2583
4585
8256
3453
2472
2387
9781
158
1166
44
7291
2438
9027
4324
5903
3902
1210
373
6214
3101
3080
4258
916
8767
1172
901
8768
315
9939
6127
7822
1532
3956
1443
8828
9943
8827
5409
1115
5301
5158
8400
5255
2025
7787
2600
7214
5236
6265
1210
6372
9076
6270
4094
1943
858
5791
5623
896
861
9665
4493
2380
2701
5669
1458
3980
4113
7402
3860
1963
1575
2416
6483
2206
2773
8356
7895
1627
3511
2909
4927
3258
6352
7869
6534
9312
8862
1837
5064
2736
1385
7257
6572
918
8222
5956
6560
2791
3535
3465
7448
3647
1073
916
4367
1953
2371
2752
7876
6404
3437
9837
9095
258
9769
116
4885
9650
3037
8689
1064
6356
9137
2023
618
1020
2179
1228
8513
4632
9874
2644
1952
7710
2818
2506
1286
8706
9954
8821
6286
3433
9754
3235
8236
7759
3892
1588
1871
8958
73
8436
6789
9670
4456
8005
7004
8282
4286
781
2432
9497
2558
3649
2432
4060
8454
1356
9948
7765
2205
7897
1333
8632
7009
8362
261
4418
3847
1831
8344
1751
78
7679
5335
3225
3143
1333
5236
3341
8026
3027
7712
1025
1877
4672
2375
6015
4914
2862
5012
1158
5571
4364
1164
5250
9029
8856
4146
8302
59
3473
8697
7549
84
5759
4402
5290
9769
671
9322
4470
4810
4561
2992
2646
4432
8049
1555
5040
524
7067
5739
3240
4500
5070
5655
1177
7409
4659
5096
8450
3747
6474
3064
8379
2318
4132
9295
7358
4216
6887
8957
4538
1215
9193
5593
1300
9642
7948
346
6259
8365
6205
3412
2126
3591
5499
77
5778
580
4967
5492
7249
7732
8634
3839
6367
6930
6393
8940
5046
9659
1782
5957
4513
2395
139
6466
8680
6351
8314
2969
8366
5663
5126
6803
1296
4457
5068
768
8802
5481
5473
3488
3105
1799
1075
1330
4037
8098
557
8219
783
8443
9485
4511
596
3032
3131
9824
7338
1681
2392
5328
7495
2311
6214
9115
7128
8778
7151
4127
3143
6846
1089
7153
5521
5635
2515
3599
2158
7728
8862
6254
9146
6067
6567
3953
4827
299
6008
592
9531
6612
6757
7116
4162
7789
9496
7460
8483
3840
5208
2480
1685
7071
8626
2651
6537
3278
8443
7908
4730
1000
5742
1050
9343
896
4406
8408
5586
5385
3634
108
5651
1845
9292
1555
738
4012
8661
7703
1731
861
4954
773
6549
3032
7693
4525
7774
2177
2099
6863
7329
9461
5368
6981
1108
3646
7591
5386
9332
6877
4904
2303
2838
7355
4331
9989
1532
135
4549
3582
1303
6738
1549
6702
5151
7114
7448
8157
3956
9293
6639
5479
2112
6467
1392
6732
4370
8106
6879
9419
533
5622
76
9692
3825
9729
4231
5832
9628
3603
4425
6792
6062
5247
955
1043
582
9770
7402
1274
6743
1053
8340
9940
6044
4562
9262
8015
1031
4100
3021
255
3262
9476
3805
1207
6656
6131
7544
320
4605
2931
3593
7738
1909
6497
6438
8647
6421
5406
2303
414
7379
9870
3862
2373
4699
9586
778
8838
454
5745
6032
8720
8518
6251
5856
1596
4017
4670
4642
3766
2875
632
4930
4339
5964
1947
8521
7141
4715
1129
6157
3747
1707
9238
2493
4035
9624
1829
948
8850
6993
6536
847
1875
593
2510
5240
3417
2864
6478
6335
9697
5820
1749
6721
7552
6702
1744
2539
3333
8285
6125
1600
3204
4627
5301
2731
3231
7937
7422
7915
4409
994
9354
1165
3801
4526
4992
2602
3530
1212
1169
532
8360
2397
9428
8945
5298
484
5127
1284
4933
4479
5841
8119
8526
700
4389
3751
1222
5771
5693
1327
9018
3918
9432
6229
7116
6753
5051
5721
3081
1622
516
8791
6709
3071
586
8659
8494
7242
99
6289
7354
2888
6916
6115
8431
48
6859
7009
1657
6512
8833
2319
735
3913
3726
2355
1064
834
3972
548
6556
4896
2841
7382
8115
9822
2117
3028
1596
2752
6360
518
2542
4283
8849
4088
7510
7856
8170
5210
4170
8977
1051
2886
5512
9010
9003
6184
2422
6010
1170
1129
897
5458
1197
8468
2890
3848
5830
9837
8137
9425
6950
1460
7884
4055
7277
6599
9390
9809
3696
1701
1949
9900
1174
6466
4792
6154
7249
6740
4970
4396
5987
3088
3361
8520
450
4430
3071
3622
2575
9613
2725
1096
4838
3701
6297
8053
9999
8081
8452
6939
9658
2343
5590
258
7672
6365
6715
7015
4585
2217
1475
4989
7601
3458
2875
4906
7428
5644
1688
1934
6902
7710
640
969
6827
236
364
2065
7949
4125
9641
2932
9742
9812
1760
3301
2904
6314
2815
1363
7027
8782
7255
2411
8460
7831
1122
5645
2842
1475
2341
346
3439
342
1549
5381
525
886
1379
4276
4305
903
5961
7299
7593
2531
6906
8078
7608
6814
2327
4577
5246
2205
3051
6623
7142
9184
2861
514
1137
5017
4375
5504
4105
48
7491
8770
9344
148
556
126
4546
3113
741
3244
5939
3020
2777
2559
4324
359
1586
8956
1441
4777
2462
9130
2415
3186
5121
4181
4380
2549
3480
2709
1114
9207
4814
8184
9010
5405
8487
2837
5603
8249
923
9913
3360
7410
1551
2629
7329
3942
5254
8563
1455
492
8111
6003
5317
6706
9626
249
5195
3349
2321
1970
4814
7450
7524
3659
611
9837
3837
7642
2426
1363
1994
904
3203
6562
9390
2463
8675
3562
1860
8417
6650
8974
1868
7727
8440
6645
1492
6830
2319
5203
487
1420
7503
3616
899
574
7305
8375
2564
3550
2763
3430
794
8946
4116
7043
783
9888
233
8637
8600
5502
2242
890
2598
4499
6441
6235
1083
1320
5740
147
1897
6367
5121
9558
434
7985
5836
4745
8018
5045
471
7945
1669
4980
9541
5650
2227
8433
4153
3031
7021
8939
7788
9769
471
3406
6218
3692
400
3046
2694
4672
5249
4674
889
262
2824
4103
4650
3280
4944
1570
1910
8834
6098
6511
1632
1325
1403
2395
2410
8650
6443
1579
1413
5077
959
2024
6873
5893
6062
2783
3199
2373
4977
5542
7466
2630
2245
698
5707
9019
2524
8698
2380
1885
694
5624
7753
7269
2723
9315
4046
8011
5207
4405
3761
9674
6504
2306
1884
2749
1163
7008
6774
2234
6798
6540
2751
2211
8840
9411
8070
9253
7075
4453
8015
7038
4694
5681
6137
8096
8991
7474
5270
8889
191
8531
3014
7257
4723
1859
9344
1186
8409
8831
6829
3866
3212
6851
1660
1888
782
1713
3514
4645
1695
2926
2350
3871
9014
1614
7040
4547
65
6702
1908
1549
8430
6439
96
4436
9089
4136
3564
4934
4207
6505
3697
4508
807
9486
8997
897
7344
3882
4441
1778
5902
4922
5778
7992
3138
9555
9191
6437
4753
9319
1810
5733
3907
8818
2919
7952
2724
5482
6582
6697
5936
9928
8373
1299
2222
8857
7602
2610
3964
9255
9202
1453
9479
570
8297
7147
8075
5601
8039
1525
4692
4641
6776
2190
93
1560
6246
824
5338
3775
1689
5079
8609
3670
9330
7734
1431
2803
7598
4937
7020
4226
7873
4874
7218
9471
480
1499
5844
3551
6615
7114
8231
1323
5622
5328
8542
5689
162
5100
2903
3874
6252
6895
4640
5083
8035
4065
1899
6932
4606
7838
6548
3273
415
3555
4043
6579
7074
6394
9103
1581
7468
2104
9731
2056
4840
333
7531
4322
7096
2327
7326
5913
9162
3716
7251
2624
6
3222
4083
1819
9904
3376
9490
9039
7434
9881
5033
7202
2320
4946
137
7364
8279
7638
7572
7867
4161
701
893
4416
6353
1301
5681
2557
8142
1789
725
5701
9639
508
8453
8272
4512
3009
5051
9359
8327
2502
6473
1307
2405
9732
4583
7694
5661
564
1069
7528
2561
9587
2474
7098
3143
9380
1913
7250
9587
9774
2197
562
7398
1962
5501
4003
1936
9641
5471
6608
2277
8607
8675
9920
7798
4623
2342
3841
6701
5520
3618
3548
464
6580
5977
7831
9634
9778
3813
9489
9418
2444
1450
8754
6127
2628
4343
6109
8669
5975
3798
7049
1657
6761
843
2865
6276
7908
3508
9766
6401
8842
6141
2866
3845
7930
767
8134
9211
3130
861
4925
4997
5115
1877
8305
950
1639
2943
8289
5309
1796
5439
2187
4584
5530
4303
1694
278
5337
7385
4903
1489
8789
311
6892
8496
1784
1898
898
6938
8818
6582
5306
9687
2772
8090
5230
8088
7257
2984
1977
5510
6647
9012
4072
291
599
9811
7228
4942
5013
2126
3505
9521
4293
8271
2920
2685
1483
371
9960
1628
605
6379
182
9034
249
5816
9405
6615
3399
6465
718
848
3289
9556
41
6144
8142
593
1301
6542
7800
7869
4433
1187
1795
8557
6284
9684
5003
5841
4266
4009
9315
1343
4919
4619
7633
9550
7310
8350
7780
7710
2710
3562
6769
470
399
1666
1225
6347
8918
9204
3797
3386
6139
7195
7762
2725
1344
489
7431
7541
4912
6561
7211
7481
6554
1738
8159
7084
1670
5465
7222
4659
2330
4381
612
925
1072
9242
6000
1746
1289
4581
2082
366
5045
3332
6943
3967
8047
3361
1144
8616
1121
3855
7714
6502
5842
9936
2629
9117
7038
4478
4433
9637
2473
5304
1030
6022
8866
7021
9286
4011
5749
7483
4795
7149
6737
9703
1321
5004
9444
643
5757
6707
9123
876
4430
6623
9812
9597
7562
3645
3526
6970
8670
488
6598
8622
7948
6897
4194
3792
6839
880
9069
2621
9641
6148
1372
6085
2484
1493
8641
5687
1216
3739
4207
7944
9489
9969
472
8834
6101
809
5025
7989
1176
5379
7835
3268
9773
6617
7349
9400
695
7314
2615
5761
1987
6573
7375
3927
9820
2174
8042
3159
2188
6101
1626
7402
6552
2911
3498
5109
2509
3005
9078
4583
7254
8069
1269
5751
3679
1373
3007
6650
4215
1543
6888
613
1599
3859
8790
9419
9360
2395
9911
8129
1245
4561
1693
4200
5707
2607
289
8405
7085
4151
7021
389
7409
1925
5189
8208
4342
8083
3745
2124
8667
8563
1630
3178
7447
7096
3342
9991
6140
5598
921
9412
3164
3185
1593
3209
3582
8682
4912
1946
5586
4249
7742
7422
692
6791
1127
3860
6500
8849
9138
919
600
6955
9175
8287
5896
2510
2993
2573
2700
6339
6007
7132
8674
4474
4054
9758
5658
945
9429
1023
2007
8341
9819
8654
8294
7862
448
6338
6392
628
8887
359
4846
1810
3175
6144
6306
6044
9711
7349
2398
6095
1369
3413
6886
7886
2952
8900
7505
5608
2299
5788
3077
6029
2164
104
8039
2991
7670
3598
9889
1875
5740
3526
3912
9475
1736
49
1998
6579
624
2743
9715
9026
5746
4329
1147
705
2345
9843
9979
5168
2253
9945
7247
90
5485
792
2633
4377
7453
7163
7239
6538
8465
2924
2368
4524
5338
7826
5420
6163
4382
1569
6357
4441
2873
9054
8021
9303
2123
7801
5242
6457
2141
2316
9557
9641
2267
3134
3887
6278
8130
4830
223
3198
5741
515
303
1637
6034
5362
4221
5173
9827
8421
3280
4208
6282
5007
6539
7678
9132
8773
3111
8756
3034
5189
2893
6570
1444
3433
3563
7121
4305
4685
2773
6214
6780
6852
3070
6567
7876
6730
1949
6409
6281
9908
508
4558
1776
2716
7499
9883
150
9580
4133
8256
228
2758
2467
5593
888
4282
6953
5175
4169
6583
4781
7891
7005
9161
2678
3065
4893
7144
2497
6220
2399
5790
7053
817
2938
4415
6024
6359
2343
8872
9602
7413
1210
7748
9973
4478
6419
4255
4577
7086
622
2439
51
8495
8984
5368
9958
2468
7406
2549
5425
5496
62
4595
1929
3667
4902
7557
8080
2590
6146
3568
5961
4050
2976
875
3441
1131
7909
1509
7438
9678
1966
5846
822
7688
7425
7015
9445
6100
2812
906
2107
9782
3947
3543
4006
6441
2157
3565
666
512
3110
6451
2215
3540
1138
2934
1915
5404
8486
921
3691
7895
8610
3740
7
7064
5766
7336
5824
6162
8423
6199
8684
7033
500
6538
9397
1302
4224
6384
2041
8327
60
9362
461
8351
5902
3704
3057
7151
5933
6895
143
2723
1576
5390
7131
9661
507
921
3795
5051
2180
2110
1135
6562
3161
1743
5709
8541
8762
269
8239
2536
4623
3854
3879
3729
1467
4664
9481
2498
431
3767
8914
351
9398
5728
1533
8345
7067
5677
3273
683
2876
3962
7824
8423
8972
5882
5136
8170
1916
4775
615
9396
9173
3050
4241
7113
498
8693
3603
543
3607
1834
515
6157
2501
3463
8995
296
4323
9840
9683
2631
6543
9198
74
9879
1724
1239
6377
898
4637
7913
4792
6411
7782
4007
7196
8674
3439
7369
1816
3555
4721
962
3328
1032
3214
9828
5569
2864
4839
204
2556
8516
3680
1825
4030
5896
9264
1223
2179
2436
2018
8114
9414
1819
5355
1576
1283
1622
4002
3199
8333
3793
4538
5338
1378
938
1371
7488
6620
8658
464
5534
4128
2485
3364
4016
3351
9391
9652
7027
7594
982
3813
5847
9880
8711
7900
1559
1495
1595
4980
4556
6786
8053
4470
848
5292
5966
8981
547
938
4888
4939
3715
2796
39
8272
8789
2473
5508
3561
246
5153
8084
8780
1746
3807
575
5869
2573
8318
5936
190
2671
4985
7363
3834
6410
495
8209
4196
1819
9297
4564
1731
9734
4140
8937
3670
1784
7497
7213
3384
2476
7866
9485
8318
1999
8718
3459
3601
634
8578
1692
5849
3312
5782
3983
4936
4555
3395
1391
6417
785
5030
5710
6301
8962
8347
7893
4852
7299
5149
9371
4718
9796
2779
2437
3751
2258
3328
6638
8530
8909
6524
6726
1750
2207
4862
5691
8413
8667
8634
5150
6392
5957
8706
5048
496
5186
4289
8996
5404
2941
9157
9745
6888
8934
4812
1990
1052
127
5269
334
899
586
5774
3560
5818
3515
9441
3460
7287
8586
9454
9986
5162
1234
6175
2684
9950
4342
5498
9149
4842
8081
9873
5843
9812
8511
6104
634
944
1518
471
9245
6272
1020
3010
8612
4849
7509
5700
3422
2177
4986
2282
4848
175
9732
5749
7020
107
9853
303
4459
7346
9512
8947
3852
2052
8452
3774
3203
2765
4609
5215
7871
6241
8586
4114
5432
4162
1991
8914
8604
332
5054
2702
4676
103
5613
4708
7008
5699
6217
7646
1382
9891
8626
3830
3698
1539
6975
6059
1414
8226
6886
6431
7840
3333
2624
1317
4389
9430
9515
5281
1353
1952
2445
7576
379
1487
8831
2964
1759
7532
1941
7930
3865
2439
3861
9991
4559
9849
3120
6566
8927
5020
7243
2276
2469
6458
9933
7479
9089
5874
9749
5329
4028
5997
9127
2940
6684
1053
3058
7238
4184
1240
5263
1402
5689
8855
4255
6128
8210
2731
9598
2129
6211
1649
2153
8076
9580
7489
9960
8667
3840
8660
8644
9201
1037
6558
3220
7678
1756
2625
4162
1536
2676
3071
9252
2205
5579
2200
5678
9334
8385
7243
9841
3009
14
6900
199
7643
860
5690
8220
9026
2551
1830
145
790
6816
5778
8752
1930
8756
5069
3208
886
5748
9579
972
4247
5866
9864
1145
8400
7720
2191
2565
1021
8080
1122
7577
3537
9480
4660
6846
2583
8869
5170
1827
4984
3063
8766
4174
538
8444
8116
1653
5234
7729
9350
9840
461
4395
7578
5990
3592
4042
6270
5645
9781
7917
7166
5222
8243
767
1189
8408
525
512
4307
3830
3312
2471
3430
8494
719
9640
3850
380
6799
7829
1545
1604
4531
3065
2320
6800
4535
4696
4783
1106
4190
2107
1638
6553
677
6410
5313
586
3472
3193
2424
5264
8532
3620
3880
5273
7571
2875
830
7470
7523
769
1258
8725
6393
1764
6310
1844
2853
5802
941
3982
3467
6633
1795
9204
6860
2366
5277
4477
6675
7852
8275
1186
4907
8225
7068
9136
5631
8882
6983
636
9198
7346
9901
6942
5288
8748
9612
6301
6657
9528
8594
3487
726
9225
5147
689
3434
1407
2639
3120
5560
7820
3363
8756
262
6097
6417
4543
6603
4041
1721
1081
870
2186
970
5430
9274
7423
8871
8668
5563
9690
4834
4487
5074
1706
5670
5174
216
4686
766
1672
8427
2561
8169
8338
9474
9627
4040
911
1773
9062
8656
9979
7378
1673
2177
6809
7645
7560
8126
6842
8635
7247
913
2807
9453
6758
7011
6720
2638
5397
8460
435
5623
4795
9034
8155
8323
2442
1837
1003
5414
8606
7408
6370
1389
1559
9556
2650
7182
8343
2525
7688
9406
5721
8189
4547
4214
8072
5353
3194
3742
7340
7406
1537
2491
2991
1168
8543
6507
4393
8565
8818
5907
8774
4093
4577
1664
9818
210
6337
5033
3539
291
4855
5796
9823
9981
3977
8848
8200
6011
1506
6254
654
1660
8947
275
3553
6451
5210
4405
8683
2403
6432
8482
6756
9748
3470
6463
1904
95
3721
4796
8863
1392
1508
1183
9813
7343
1463
9792
3650
827
1911
1813
3556
1881
9591
2255
1597
289
6127
2520
3004
4441
9524
1934
3732
9123
5506
2519
1396
2960
4333
1608
5244
466
31
4736
3010
3037
2360
8894
8513
8316
7475
1091
3125
8319
2168
9138
7979
3473
5052
9346
8058
3559
5318
3854
5779
5758
1978
471
1889
1781
7486
1523
5522
7945
1210
5369
3925
9701
7320
1650
3612
2597
7264
8170
9557
6739
3031
9910
9701
534
2818
6801
400
3824
8335
9994
662
1968
9882
2057
7049
2262
4981
229
9630
6815
3378
8009
453
9452
4243
221
128
3223
1959
9062
1574
8387
2014
22
5876
9924
1024
1933
2429
4425
2132
1775
5800
6746
6258
3017
4912
685
4153
1324
9060
3428
2916
3548
9748
6393
8904
3108
3417
1415
6381
9126
7531
2530
8165
1051
1631
2061
1567
776
9843
3610
8254
2376
937
7154
6997
3431
561
8179
8717
7910
4817
5464
6168
1560
6720
1954
8444
9821
411
6700
2345
755
205
7366
7472
1449
5587
8116
6025
5566
8406
4918
3668
3714
4112
8172
1628
898
9583
7127
5060
8757
9376
2579
7444
9861
7993
739
5377
1207
2580
9662
9311
3035
3761
3759
261
7136
9728
2566
5815
1440
7049
5808
1279
852
4487
931
4704
5251
964
1411
4003
7092
3010
5501
3618
401
2824
302
7603
8856
8381
4792
3726
5607
3698
6580
6593
2326
9188
6346
5082
4014
8662
6270
796
5689
1875
1756
2230
1864
1196
2731
1873
798
9741
6830
2381
4923
5571
1191
2549
1660
4225
587
9762
3090
4344
6537
2256
251
399
4645
8944
3206
8897
8778
6222
83
8021
6708
9570
3992
2823
8735
9541
6657
941
2838
1601
2903
4891
3708
327
2983
4087
4607
3932
4045
1834
7436
1596
5516
4105
6506
2162
6272
3654
9275
6431
5480
8956
4726
956
6591
27
3315
7400
6699
4544
1
2316
9489
740
7749
5804
1722
5578
8526
5022
7783
6114
6221
1608
2539
6198
1979
7237
3929
4139
3175
2659
6481
8557
5142
1291
6558
5359
355
4631
606
4351
5699
7438
7216
4688
5640
2774
8509
1918
2979
907
5006
6927
2089
7610
3117
6468
7120
2169
3913
7693
8252
2701
8317
7741
9518
6384
8253
9391
6054
1716
3624
5717
4278
403
3925
1415
3285
2870
1024
3310
7734
1155
7272
1225
8684
8331
6894
4446
947
1358
4949
7853
7484
3519
9403
562
649
346
2188
8473
3189
2357
814
1652
5707
7950
6395
4528
1946
9109
6926
9567
7539
2234
6103
7019
2140
9018
1835
222
7120
8252
5814
879
8299
5207
2713
3063
1519
9050
7248
1557
1215
9981
6988
3172
1611
8354
7336
6165
6694
3672
571
7454
1810
1193
4768
1198
3397
6863
6366
5495
2229
3081
7232
6626
4753
19
5318
6930
6574
1103
6718
2838
3612
9471
2766
8714
7990
1683
1858
2494
9408
8050
2818
6545
8474
4894
7284
356
6431
6761
6179
2196
661
9190
7868
6641
8172
2786
1541
3326
8297
5686
7978
797
8167
3833
8314
8029
5556
8305
5084
611
8471
7712
9288
7553
3151
8
4468
4705
3771
7920
4887
9052
8718
3664
9874
7813
919
9697
9614
1492
2594
6271
4527
2923
8435
5512
9908
6692
7433
7171
7039
1569
7368
657
1699
2342
9415
6888
621
1191
5084
7304
6839
6626
18
1908
5621
6621
207
956
8063
3583
228
2818
8529
3421
5416
4601
7343
3508
7933
4754
7595
7028
1436
7901
6575
1478
1332
4127
6100
4376
7570
6346
4470
4482
837
5223
9088
7864
8549
5152
5264
791
8260
8161
9920
7886
3013
6507
3595
8430
9180
2783
2161
3625
314
7419
4452
157
313
6989
5150
7126
6769
1726
2963
1406
4343
4078
9834
7461
9358
7462
8678
3144
9008
5299
5687
2843
7850
2132
117
2823
434
6618
6428
6868
3522
5132
6778
2824
4544
2574
4607
1557
2249
8237
8344
6805
1323
5783
7564
8144
176
3514
9963
2806
7517
4808
2484
6933
8274
5574
9727
7102
3608
3254
7603
5445
4525
7352
1807
5261
3912
9071
4020
5773
182
5268
8533
7270
3811
5031
6179
641
9802
9275
7108
7924
6264
509
2250
8948
4686
2466
7166
8054
9908
3236
6301
892
5066
5011
6788
3124
2200
7301
8119
3620
9799
3890
6203
7479
3128
1134
9921
903
81
9839
4188
7874
8400
306
7620
3294
8575
3606
7826
3405
1294
9821
8067
837
5960
4184
6201
3022
6971
3060
9734
8151
6284
7772
8339
8922
8128
7767
4053
6055
8214
853
1229
595
952
7799
4686
4206
2008
2250
3065
3066
5850
9377
465
3367
7203
6251
2068
8218
4932
9059
3325
608
791
5462
1963
2868
8894
1205
5882
9010
8573
3360
4900
6830
8606
8187
2555
6962
3767
1637
9019
5548
4599
511
7069
2431
330
5005
4329
1188
5904
3721
6827
6594
435
7427
6378
400
3391
5440
7503
2161
5274
863
6896
5950
6406
741
2267
7681
6339
1539
8524
3469
496
1149
8262
4799
3371
1728
8312
4065
4295
7322
7047
7805
67
883
8650
7591
5899
4357
4941
599
5197
4766
9864
4408
9883
8366
8933
6808
9707
5436
3741
3484
523
5051
5767
6987
5772
1628
97
9608
6250
6528
9375
6417
2337
8181
6240
1910
622
3548
2578
8318
4172
9949
8050
3245
8104
1339
2093
6031
5874
9802
8801
1124
1197
3570
8670
5136
1134
8595
7988
6511
6787
5375
1623
8270
5108
3950
7256
9276
6011
7329
6109
1296
3828
3921
6628
8982
5088
2653
5068
9667
5112
7596
8732
1107
1091
1153
7166
9118
4534
3377
6861
4178
1317
5862
3125
5648
4120
5330
6344
2539
8461
369
9989
8894
8004
4147
2589
796
8542
955
9255
917
5474
9806
7626
2301
8559
2170
8162
9697
9595
2576
7172
4352
5023
2591
7966
1542
4409
2956
3855
6186
7207
8210
7423
5617
8177
7008
1926
7004
6502
9513
2302
2240
9369
483
1403
1386
3055
4040
3194
6272
3235
7708
4482
2624
7408
8802
6753
6234
1337
8258
4254
6144
9273
1983
1269
8020
7056
9197
963
29
8245
9546
6017
992
9158
3622
8901
3451
2569
5346
4209
226
1418
9536
4279
4736
1575
9829
4751
5204
8463
6431
9763
8225
6606
9881
8995
3260
6832
872
9441
3281
8547
4710
7451
738
5205
6953
1826
556
9379
3375
854
1964
4517
8474
8369
2497
8549
8549
3471
9697
3531
7231
7011
3491
8569
6954
8585
2242
3053
7871
7033
7776
3909
8987
274
1167
2627
2612
8841
398
397
1851
7765
5544
5981
8266
3947
7187
315
953
18
9477
8677
293
2917
5514
5862
3500
4592
6602
7274
6580
7757
6401
551
4592
7975
7696
8404
3157
2931
4453
1941
3578
2029
5442
5524
1680
8551
9571
5548
2882
261
6664
2839
5119
5828
8962
7776
5229
9099
4061
8276
576
9269
3429
2406
9110
6965
3601
5761
5981
1373
5103
3766
3261
9107
9262
9548
8048
9502
3034
5069
3791
3972
7490
1860
4675
9442
8484
3750
738
7172
2521
5239
1412
6031
5170
2728
713
4365
7989
3585
9939
3214
6902
2874
9438
8732
5490
4151
8132
7315
9820
5474
7459
2794
918
5025
6725
9050
2667
579
5730
8518
8054
1190
4403
2288
9188
5593
6534
7757
3834
5424
8352
3493
4129
905
3033
2651
666
4266
7693
6322
6210
1627
9860
577
9054
1273
7676
693
8613
7291
4422
2358
8535
6513
1868
2796
5568
8738
3101
9735
2661
4363
3329
4694
4144
659
9946
4510
2298
2463
9745
8088
4159
1266
1124
6830
5058
7351
1236
1825
8468
4521
8756
2013
1906
8940
5611
8822
1552
4478
2030
2709
5075
8217
6312
9700
8157
429
8736
4411
8619
3252
2107
2905
9016
2813
9443
2935
6208
8460
8840
870
4106
4108
150
9155
3826
2385
4665
5133
479
3103
5153
5918
6370
1712
454
6516
3585
4412
2042
6199
8986
9046
6668
1049
2042
9710
4480
3460
9165
9340
9787
7680
4121
8298
3606
3395
9884
4252
3095
6012
1830
8962
5637
8700
7528
8562
5218
4876
1750
3196
5964
9986
5758
9285
8592
3234
9954
3430
3098
2067
2525
8359
4151
5393
9947
7364
934
5073
8298
3096
9728
9060
1651
2712
5636
3831
1005
8455
1948
9462
2960
7892
7873
1418
207
660
1520
8705
8802
6687
7788
8143
6235
6270
315
5356
3480
591
5294
9713
9451
1897
956
5843
9022
1452
6948
5006
736
6978
3777
7354
4790
9282
34
3771
8035
3658
1135
1259
7984
1045
1194
8589
6075
2809
7921
5712
4287
250
686
4941
7997
7095
8007
8262
7506
7861
4754
8700
3102
2815
848
7109
8563
8983
9608
3300
6715
3063
5138
1834
1360
324
2743
2303
8496
4013
7759
1116
889
5515
1042
513
3181
3477
975
3857
9657
696
3335
8220
5406
4307
9302
1300
1180
1932
2833
6908
1632
3931
9386
4241
5233
5454
2161
8195
8665
469
1833
3728
7320
4443
8426
4075
494
369
7871
480
2866
854
4530
9568
5940
4285
9644
3801
3912
4523
3431
4331
9409
4578
6989
6993
3165
5852
6
1873
5715
4593
5708
1127
8804
9370
1306
7771
5213
7222
8266
1000
4722
1582
5925
8212
735
2852
772
7785
6571
7303
4403
8901
7389
9446
7493
3511
1010
9184
3484
6537
7859
6086
8284
9282
894
5638
131
5867
1121
750
9193
4754
1311
4490
8160
5918
1191
5584
3133
3758
5791
8009
4271
623
2227
2360
2926
3338
7911
5351
5609
5144
8850
315
5218
4598
230
2985
2866
7356
8143
6002
4883
2747
5728
6546
4118
1686
2680
9176
6774
3012
3133
2862
6196
6163
639
8089
5430
7651
2405
3393
6888
6217
2924
256
9824
8968
7443
5821
2540
1860
985
6958
8261
3612
4391
7336
3550
1930
6371
2265
5682
5468
5682
1318
6333
9028
5852
3943
5103
7758
9908
6095
7859
7525
566
6204
6252
2301
3387
3839
1416
1048
1007
8983
6016
3642
6162
280
3473
4461
1635
9336
3875
5285
11
5232
5660
8831
8626
8765
9709
6691
8515
4773
2874
2900
1456
3215
7224
9530
9390
8065
5567
8638
7040
1448
3466
2498
8132
7884
7195
5893
1303
7758
2021
9709
3758
1451
317
7831
4638
4998
6472
9339
6416
4191
939
8340
5673
2365
4474
8657
5912
2797
1431
8517
8835
879
2940
7785
6820
1102
240
9431
866
8643
8478
5202
5599
7407
6104
543
5599
5419
4832
299
1023
2305
2901
6764
171
2188
9978
5118
9296
1544
3341
7765
9996
5331
8744
5292
4903
3313
1783
7436
8747
5708
325
9514
878
4095
3411
1792
7298
6079
6177
6890
4108
258
7299
8128
7049
5981
3159
9880
5572
6743
2485
9993
976
7392
2813
8289
6698
9714
9424
1566
8975
5345
2645
3286
3898
2260
1736
6337
8233
6782
7006
1265
6178
397
5200
8555
4429
3746
736
9687
6345
5407
3668
7891
9095
4028
7899
4784
5470
7554
4582
3994
8801
4188
7623
8757
1084
6508
5701
1473
504
3392
9696
7816
860
5280
2582
8581
707
4809
8706
9404
2542
6050
8824
6190
5937
9219
3291
209
5478
7434
9998
49
20
3303
4618
369
267
3752
3972
3186
5620
6508
9363
7334
5843
4782
6671
3462
5512
3718
8680
2910
6890
5998
8340
5798
5163
4527
1862
7164
9065
7905
7286
6767
3555
1403
662
8506
5957
9300
8419
698
1720
6283
3870
2719
5840
7405
8825
2332
6905
6923
1090
9443
7681
4470
4725
6590
8652
6118
3190
8358
2412
1674
5704
9255
3894
6263
7432
7289
2292
4641
7126
3683
8900
7852
6573
8700
2303
9635
3808
4452
838
2280
9719
3569
3206
4124
3207
6090
6780
2048
187
9791
5573
4730
4785
8306
4727
6826
2130
2659
6564
9869
3717
3661
3315
3909
1686
534
6158
8286
3320
5980
411
1126
5956
4397
5457
2861
9204
2247
2916
9496
8174
4351
3744
4835
8516
3815
371
5099
7481
3744
3195
7409
7947
1665
883
7889
6108
9012
4210
1202
5748
8190
3812
4896
8431
8497
9878
495
5461
9703
3072
5889
6135
3180
7135
1656
8054
8170
2588
5274
5307
1051
8922
8842
6549
2034
3677
3604
8955
3937
749
4843
3860
3000
4631
8697
564
883
8475
6345
9445
275
7803
1607
3031
6747
1470
3541
7461
7354
7379
2051
2918
3630
5615
4590
1807
3506
3514
815
2383
8355
2417
6717
1502
551
6585
2996
6088
1574
7598
786
7120
23
8850
186
6451
5393
9533
5186
4229
1471
1682
9618
2249
9901
1922
4023
3453
4778
8073
2551
3085
7851
1944
5984
8332
4965
5660
328
176
6815
5651
2419
2039
513
9093
7068
344
3203
5856
1200
9617
4647
6778
8207
7658
167
1643
1951
1929
1049
5379
5604
2283
21
9307
9662
4222
5602
5036
71
5624
1746
1740
8130
9667
306
7920
2439
4427
9934
4609
8110
802
3058
5312
7626
7109
1076
8749
3273
9804
6073
5803
78
3740
881
5423
1346
6427
6195
4422
4746
4702
6565
4674
2951
2002
498
3386
3439
5315
7479
486
1134
2198
8960
8378
4294
62
7414
5329
2275
6794
2166
7516
8246
7841
9289
7614
7499
9796
7375
7191
5534
4438
9250
6053
6676
4035
8769
7393
9972
5939
5498
9802
4203
9210
5771
4977
6012
1770
921
3384
3168
3621
1257
5936
4387
8376
1311
6929
276
3398
6305
6933
277
8347
2224
2917
2016
5660
8314
9686
2644
3835
3638
9854
9104
2728
4865
3235
6039
5095
385
9270
9720
1499
6896
5024
5122
3051
1416
4965
9709
7800
8919
5836
1031
307
4991
778
9426
9197
2938
1221
1284
8181
2029
91
4454
7031
8118
6237
2694
7945
8068
2627
3282
5246
3065
9157
5836
6096
4688
2781
4414
5617
9957
4892
5817
8630
1404
7984
9165
5478
6058
9952
1440
8817
3105
3065
8042
9669
8273
5474
9722
4773
6716
7121
7929
6579
8987
8348
8021
7121
895
503
2958
9636
8349
1977
452
2362
726
4443
787
2574
7449
9460
6068
4320
9194
10
1947
4229
7348
2984
8525
9074
9420
1286
783
7171
1176
4543
4375
7130
2882
1767
6627
7281
6939
2081
7247
3289
8934
3212
2066
2338
7763
3632
6405
9434
7435
8167
8275
845
8305
8758
4359
52
4798
8952
4302
3623
4792
9310
6406
6891
5568
6614
8555
4947
791
5638
9229
8992
9006
4983
4479
6199
2136
4820
1754
502
164
2177
6847
9647
390
8355
7812
5096
9450
9302
1370
9740
2844
1711
5180
6418
2625
3413
1896
5993
6790
1770
937
2577
8215
4472
4279
8286
5544
4334
9560
2178
7148
5203
4725
516
4934
4597
115
5473
1599
8775
5904
4045
9022
98
1792
615
8037
1544
6716
2561
4870
4491
4060
4444
4102
8812
1756
8907
8172
79
2991
4920
3682
7825
4436
1053
7218
318
1406
7601
9912
1759
7908
780
2389
215
2022
8718
4013
4629
4296
7619
7012
1671
6743
5731
263
4339
8414
4448
9946
8353
4536
1583
717
3476
7095
8190
7161
9107
985
4705
8640
4340
6517
3140
475
1949
1107
5882
990
6597
53
3880
7819
6340
6057
5947
2023
3223
6355
1883
50
6117
2938
5667
9553
1240
1373
9219
5410
121
4897
5063
1152
3634
9586
1938
7948
6062
3784
5470
8216
436
2543
5762
2886
3438
359
6944
3926
8885
8620
8770
9325
5101
1117
2951
5867
4073
4378
8403
4546
247
9138
395
8131
10
8847
2240
9655
7610
8735
6064
3254
7965
7874
6791
4997
3765
1213
4076
9710
2257
4999
3760
7935
6786
101
6850
3608
7747
6091
3717
3939
9295
7589
6152
9270
3514
2699
8868
8344
1779
8308
24
4042
5792
4982
930
8092
6296
3988
2574
6706
3803
7901
4950
867
5988
7412
9941
5868
9994
3472
1979
7365
6800
1627
2843
7343
9776
4616
985
9072
56
1434
3068
4214
9204
3499
4486
9071
1710
5564
7944
7408
1471
2315
9797
1997
767
9947
6739
1770
3371
1821
4488
753
9427
3040
5334
171
8613
2880
8271
4564
2298
3156
1790
1906
1152
1630
7272
5646
683
9519
4144
5869
7149
6267
6623
4732
1252
1520
520
9295
9285
9263
3560
2852
9841
763
1493
4187
6072
2423
5208
1731
2209
2821
9862
3370
1507
4539
3040
1532
9083
5868
9377
6389
3200
424
3964
1360
1396
8633
4657
2523
8655
6924
9288
3297
2446
2002
7355
5507
2015
9775
5835
1058
5273
9269
7237
1516
3432
5179
861
9979
1147
8478
2147
939
4978
3935
221
5282
7998
176
1244
1285
938
8677
206
1984
6741
1402
5528
1291
6440
7870
6387
7930
3847
6214
1856
4303
2461
4708
7831
6375
463
9015
6316
7150
7560
4496
262
5311
836
6440
5452
8031
2180
9271
8608
68
8693
4861
6800
1343
4097
3700
3477
7979
489
2863
3423
9273
3736
6505
1152
5713
7389
5416
9795
7148
3135
6748
5429
7389
2153
431
3887
1378
4040
8646
3535
9653
9462
2556
3509
9266
9871
5505
7796
5963
5743
3932
5066
8637
71
3255
2573
1622
2916
8235
1353
1658
7741
3458
9946
1172
8142
2813
1859
5887
2681
4241
2639
8575
8621
8064
6947
5454
1427
6608
9803
8980
3785
2642
4405
8869
2649
2876
1798
7838
1592
8362
4329
7483
7130
8610
6903
6313
2976
7621
1385
9712
1532
8877
7023
8812
9816
254
5958
9502
8889
403
3882
805
2634
9882
3062
9770
7539
7850
8562
5521
804
5717
1676
3465
7716
3779
682
645
613
5590
5852
860
82
4738
3521
6300
6624
5310
4887
6951
7733
5145
7159
5955
2412
610
4219
294
1351
9524
9915
3021
6373
7934
9028
9130
2123
4267
869
1847
5651
1672
1297
8558
399
6933
9018
4523
2301
2291
5757
5410
8404
7865
5894
1599
5379
5303
3392
7854
1550
9416
9361
5112
653
5767
7407
3309
7520
6029
6750
6801
1722
9084
534
2879
4781
5126
902
4248
6768
9020
3854
9363
3013
4665
1154
3174
9004
5294
9043
8245
7301
9063
1231
3221
2999
584
5197
9343
7272
9588
9439
4152
9990
2168
9688
4177
7498
4283
5233
9739
4157
9361
7360
6965
3502
6970
7603
9420
9350
9361
9435
2445
7576
6540
295
7788
2831
8190
4657
8992
1514
5425
508
9837
8953
4579
3823
2882
7532
5914
5289
3988
5243
8343
278
9377
882
419
468
9608
1340
5369
3872
1240
9105
750
570
4114
9362
7115
7540
5247
9662
9599
2411
8710
8906
4083
1278
4670
20
1758
7358
1260
930
4575
8236
4146
5831
923
3972
3756
6838
9298
6722
3698
2627
5031
1624
2914
3251
4945
5268
1445
1931
1061
9853
7790
6243
703
3784
4536
9733
259
1463
6994
2584
4035
214
2269
2451
7112
6509
9732
3372
4388
8097
5571
8436
8751
3673
53
2281
9347
946
7122
3
7865
3899
716
5794
6631
6869
8886
8231
9874
6477
6048
3726
66
6681
6372
1372
2376
5443
1466
1470
7208
2998
1812
5433
6702
6538
6579
850
1135
7852
9496
4621
6461
9102
1512
3721
4866
1808
2614
1860
3976
8145
1380
835
3964
5590
9547
6691
2222
3239
8090
7057
1843
1577
9934
8809
4201
5713
4504
7422
2453
8951
4094
1395
4115
7619
386
7781
5216
1909
5290
3830
2199
3565
8799
3241
3226
9377
4537
8809
3000
3561
3325
3872
4016
5442
2150
339
9975
6636
8892
7555
180
4372
3389
8328
1034
7719
8792
7030
7162
4740
5356
2692
2189
1610
8868
8408
2887
2784
317
8225
4074
3686
156
4561
7028
6398
5075
2788
2314
8376
137
9621
2884
2107
7560
6854
3073
747
7179
1565
7035
2731
5409
11
3283
7988
6384
5763
4430
7524
345
4347
7807
8560
9996
8307
9805
941
5793
8674
8593
2227
8478
9013
88
7985
2388
1973
2489
7857
760
1611
9327
4483
1086
8701
419
5266
5853
6668
2177
3827
8803
2215
7591
8057
4160
1407
5433
4345
5321
8090
3767
7944
5230
5614
9746
2130
2655
3562
6956
8536
2270
6605
4879
1129
463
2404
3250
6533
1387
3122
6698
9474
2867
5395
6062
934
4245
8522
684
3568
6918
9422
1755
3382
3353
5674
2598
7434
5904
6705
1640
9217
6972
3881
5574
5257
1913
5102
4328
1132
9020
1968
9477
4718
8381
5740
1471
233
3953
6421
1011
6996
6617
7683
8192
8198
3085
3404
5501
107
101
8301
3854
7210
7944
1912
8561
6117
3824
1174
5849
260
1838
9598
3380
1246
2806
876
3009
2575
8643
3483
2183
4585
1706
2535
3235
7746
3716
4243
2075
1331
311
5966
3907
7537
7175
6983
9
7957
3834
1468
4394
756
1753
2004
5278
2031
9507
6522
6675
8373
8015
6225
3945
3138
9811
1628
9421
4861
6994
9776
3407
7166
8464
7438
4006
7021
1070
1471
9123
9679
687
2231
4049
724
9240
9288
7847
5546
8804
8533
1290
2117
9091
2104
5761
9786
6150
4675
3976
3872
989
2892
2427
3740
2874
7520
1967
5131
3952
3802
1788
3507
8405
250
2213
7025
1756
3444
1699
9522
7080
3615
5145
1679
5040
9174
2216
4951
6791
6646
2408
2555
3594
3942
5418
2079
9013
4516
4395
9996
9959
6538
5924
7855
6872
826
7169
1166
9892
812
7869
9
6275
9420
5464
1386
7188
6845
9228
9322
6671
7257
2599
9810
9316
2829
5188
7460
6782
6806
2584
8265
858
5676
1891
3157
3365
1460
5951
3072
657
4561
937
6394
2923
7776
812
2110
4155
7165
1567
2316
5069
8296
779
6347
875
4375
9785
1060
8277
1383
8720
512
4476
5580
7892
9218
39
7848
3010
2727
865
2392
2052
1590
8511
5164
4745
7967
675
8269
3508
5924
3742
2656
5146
8315
9507
8769
2784
6902
4868
5994
3491
4921
3249
7568
2996
9710
8686
2451
7265
943
5683
6562
2406
67
2501
8342
3699
7118
9456
9219
7769
2559
7917
7167
9796
9501
4826
8178
5844
6723
1969
3435
572
6815
1802
7220
3953
3977
6208
5749
3028
2761
8346
6797
992
6116
7349
1839
2556
757
452
7304
7348
4059
1866
4995
1888
4808
6115
4777
7964
3116
4240
8482
6814
3277
5671
4546
4390
8810
594
1605
6182
2751
6980
697
725
8504
6203
1116
3347
1528
8860
5728
3589
6343
3789
3163
6205
3524
620
4384
4246
331
1965
6266
4396
8912
796
169
8079
7511
19
5270
5026
7679
3670
5771
3164
5750
1793
5116
8435
5986
2898
5525
4966
8038
4836
7776
3048
8523
3453
4143
929
7244
9013
8779
8747
6915
3025
1446
5673
99
4965
6323
6044
5980
6435
5248
7798
3894
3091
2316
8611
7585
6847
1153
8013
8324
6760
2971
5667
1850
9421
3484
744
5058
9077
2380
1324
3549
2096
7658
9015
7639
2972
3454
220
6670
9098
7178
7987
258
4182
315
3013
658
2168
6760
6690
5177
1578
2655
1178
3065
2779
7697
6975
4455
7274
8717
2165
2781
2055
1777
4078
2817
1567
6409
5833
7604
1806
9835
7061
9512
7271
8493
1091
1362
2528
7229
9429
9242
2737
159
4577
3610
9128
1851
5513
6529
5057
7858
3046
731
1347
8819
2934
3267
1663
5234
7814
2157
8287
7551
371
1856
6198
3627
8086
2007
2135
5901
1837
632
4809
3038
404
4410
8196
51
6844
4777
5020
4089
6704
5122
8841
1615
3542
4001
717
7109
6821
3006
2017
2554
2760
7520
550
9646
9184
8804
1210
7234
2515
9754
559
1130
7146
9519
4401
7933
8005
6137
7879
1252
9632
2898
9131
4710
1563
8849
3100
6595
6714
2636
3467
5230
2498
8085
4773
3170
6295
433
4907
9057
1618
8454
7704
4115
9051
2672
55
3772
6474
7021
5064
1929
3712
2840
7583
2618
8373
753
8816
7347
4228
3260
2031
1012
3579
7959
7450
8039
5492
5907
4382
6303
8962
3823
7912
353
5117
8068
1761
5533
3035
638
4115
1330
8183
9253
8527
2883
1526
2426
2863
9858
5915
9551
102
3685
5220
6118
5429
20
2251
4999
3008
7683
1514
3803
6252
4386
0
7789
3393
3771
7926
5510
7832
6540
7421
4955
3252
4609
7619
9263
6683
2085
4646
3096
8524
896
3427
2956
9544
